=== Run: 9446 iterations (trimmed first 30) ===

iters: 31, 2396, 4757, 7119, 9480
  reward: 0.1182, 0.1048, 0.0005, 0.0005, 0.0002
  value: 0.0622, 0.0553, 0.0022, 0.0025, 0.0024
  policy_loss: -0.0010, -0.0033, -0.0044, -0.0050, -0.0054
  value_loss: 0.0864, 0.0789, 0.0733, 0.0734, 0.0732
  entropy: 1.0542, 0.6155, 0.5743, 0.5157, 0.5027
  clip_fraction: 0.0108, 0.0175, 0.0212, 0.0226, 0.0214
  approx_kl: 0.0012, 0.0018, 0.0025, 0.0031, 0.0032
  explained_variance: 0.2590, 0.2806, 0.2870, 0.2838, 0.2830
  entropy_action_type: 0.3864, 0.2847, 0.2600, 0.2645, 0.2599
  entropy_play_start: 0.5816, 0.2535, 0.2218, 0.1682, 0.1616
  entropy_play_end: 0.0855, 0.0509, 0.0501, 0.0496, 0.0502
  entropy_scout_insert: 1.4698, 0.8296, 0.8194, 0.6982, 0.6796
  entropy_floor_penalty: 0.0000, 0.0000, 0.0000, 0.0000, 0.0000
  play_pct: 0.6901, 0.6891, 0.6942, 0.6945, 0.6950
  scout_pct: 0.2275, 0.2232, 0.2172, 0.2154, 0.2146
  sns_pct: 0.0824, 0.0877, 0.0886, 0.0902, 0.0904
  steps_per_game: 167.6246, 160.6982, 156.2877, 152.9675, 151.0577
  avg_play_length: 1.5370, 1.6059, 1.6262, 1.6537, 1.6702
  reward_std: 0.5846, 0.5573, 0.5351, 0.5322, 0.5289
  play_len_1_pct: 0.4374, 0.4262, 0.4114, 0.3939, 0.3872
  play_len_2_pct: 0.5202, 0.5289, 0.5403, 0.5537, 0.5575
  play_len_3_pct: 0.0409, 0.0432, 0.0464, 0.0503, 0.0529
  play_len_4_pct: 0.0015, 0.0016, 0.0018, 0.0020, 0.0023
  play_len_5_pct: 0.0001, 0.0001, 0.0001, 0.0001, 0.0001
  play_len_6_pct: 0.0000, 0.0000, 0.0000, 0.0000, 0.0000
  play_len_7plus_pct: 0.0000, 0.0000, 0.0000, 0.0000, 0.0000
  scout_play_len: 1.5019, 1.5434, 1.5491, 1.5837, 1.6098
  advantage_std: 0.3018, 0.2889, 0.2853, 0.2821, 0.2832
  play_len_4plus_pct: 0.0017, 0.0017, 0.0014, 0.0015, 0.0017

=== Eval ===

iters: 32, 2056, 4450, 6960, 9480
  eval_margin_v1_4: +1.54, +6.59, +8.78, +10.63, +11.61
  eval_margin_v2_5: -2.89, +3.34, +4.96, +6.78, +7.69
  eval_margin_v3_1: -0.09, +4.18, +5.92, +6.39, +6.12
  eval_margin_random: +69.87, +70.65, +71.68, +72.13, +72.10
