=== Run: 1290 iterations (trimmed first 30) ===

iters: 31, 353, 675, 998, 1320
  reward: 0.0000, 0.0000, 0.0000, 0.0000, 0.0000
  value: 0.0181, 0.0090, -0.0002, -0.0185, 0.0197
  policy_loss: -0.1154, -0.0886, -0.0355, -0.0139, -0.0076
  value_loss: 0.0550, 0.0702, 0.0919, 0.1107, 0.1400
  entropy: 1.5172, 0.8501, 0.9699, 1.0165, 1.0786
  clip_fraction: 0.6324, 0.4543, 0.1587, 0.0590, 0.0203
  approx_kl: 0.3010, 0.4302, 0.1632, 0.1365, 0.0923
  explained_variance: 0.6340, 0.5564, 0.4585, 0.3225, 0.1501
  entropy_action_type: 0.5664, 0.3438, 0.3854, 0.4155, 0.4588
  entropy_play_start: 1.0373, 0.5026, 0.7179, 0.7311, 0.6577
  entropy_play_end: 0.4219, 0.2398, 0.2812, 0.2050, 0.1701
  entropy_scout_insert: 1.5919, 0.9905, 0.9633, 1.0165, 1.2324
  entropy_floor_penalty: 0.0000, 0.0000, 0.0000, 0.0000, 0.0000
  play_pct: 0.6789, 0.6908, 0.6977, 0.6933, 0.6918
  scout_pct: 0.2432, 0.2253, 0.2157, 0.2181, 0.2163
  sns_pct: 0.0779, 0.0839, 0.0866, 0.0885, 0.0919
  steps_per_game: 46.5462, 43.0085, 40.8473, 42.2783, 41.4754
  avg_play_length: 1.4473, 1.4910, 1.5254, 1.5153, 1.5303
  reward_std: 0.0000, 0.0000, 0.0000, 0.0000, 0.0000
  play_len_1_pct: 0.5748, 0.5344, 0.5064, 0.5157, 0.5063
  play_len_2_pct: 0.4040, 0.4410, 0.4627, 0.4539, 0.4578
  play_len_3_pct: 0.0203, 0.0238, 0.0301, 0.0297, 0.0350
  play_len_4_pct: 0.0009, 0.0007, 0.0009, 0.0006, 0.0008
  play_len_5_pct: 0.0000, 0.0000, 0.0000, 0.0000, 0.0000
  play_len_6_pct: 0.0000, 0.0000, 0.0000, 0.0000, 0.0000
  play_len_7plus_pct: 0.0000, 0.0000, 0.0000, 0.0000, 0.0000
  scout_play_len: 1.5177, 1.5162, 1.5134, 1.5278, 1.4908

=== Eval ===

iters: 35, 355, 675, 1000, 1320
  eval_margin_v1_4: -7.03, -3.24, -2.68, -2.48, -2.46
  eval_margin_v2_5: -10.78, -7.18, -5.11, -5.33, -5.51
  eval_margin_v3_4: -18.97, -15.40, -13.56, -13.27, -12.14
  eval_margin_v4_2: -25.72, -22.95, -21.13, -20.24, -21.61
