=== Run: 960 iterations (trimmed first 30) ===

iters: 31, 271, 511, 750, 990
  reward: -0.0024, 0.0017, -0.0023, -0.0042, 0.0130
  value: 0.0002, -0.0027, 0.0027, 0.0003, 0.0004
  policy_loss: -0.0025, -0.0027, -0.0027, -0.0039, -0.0038
  value_loss: 0.0818, 0.0806, 0.0815, 0.0799, 0.0839
  entropy: 1.1664, 0.9017, 0.9610, 0.9418, 0.8016
  clip_fraction: 0.0198, 0.0175, 0.0123, 0.0180, 0.0155
  approx_kl: 0.0019, 0.0016, 0.0013, 0.0018, 0.0017
  explained_variance: 0.2406, 0.2508, 0.2530, 0.2484, 0.2372
  entropy_action_type: 0.3945, 0.3125, 0.3234, 0.3193, 0.3137
  entropy_play_start: 0.8393, 0.4899, 0.5999, 0.5507, 0.3901
  entropy_play_end: 0.2253, 0.1289, 0.0807, 0.0576, 0.0509
  entropy_scout_insert: 1.4104, 1.3142, 1.3133, 1.3459, 1.1560
  entropy_floor_penalty: 0.0000, 0.0000, 0.0000, 0.0000, 0.0000
  play_pct: 0.6996, 0.6905, 0.6883, 0.6893, 0.6880
  scout_pct: 0.2167, 0.2264, 0.2276, 0.2289, 0.2272
  sns_pct: 0.0837, 0.0831, 0.0841, 0.0819, 0.0848
  steps_per_game: 42.4980, 42.3255, 42.0839, 42.2928, 41.5618
  avg_play_length: 1.4888, 1.5225, 1.5342, 1.5306, 1.5477
  reward_std: 0.5547, 0.5585, 0.5616, 0.5572, 0.5671
  play_len_1_pct: 0.5380, 0.5123, 0.5031, 0.5058, 0.4914
  play_len_2_pct: 0.4359, 0.4543, 0.4611, 0.4590, 0.4710
  play_len_3_pct: 0.0252, 0.0321, 0.0345, 0.0340, 0.0361
  play_len_4_pct: 0.0008, 0.0012, 0.0013, 0.0012, 0.0014
  play_len_5_pct: 0.0000, 0.0000, 0.0001, 0.0000, 0.0000
  play_len_6_pct: 0.0000, 0.0000, 0.0000, 0.0000, 0.0000
  play_len_7plus_pct: 0.0000, 0.0000, 0.0000, 0.0000, 0.0000
  scout_play_len: 1.5275, 1.5050, 1.5133, 1.5467, 1.4950

=== Eval ===

iters: 60, 300, 540, 750, 990
  eval_margin_v1_4: -0.97, +2.03, +0.36, +1.67, +2.76
  eval_margin_v2_5: -6.03, -3.35, -2.02, -2.30, -2.42
  eval_margin_v3_4: -11.58, -10.45, -9.27, -8.31, -10.35
