=== Run: 575 iterations (trimmed first 30) ===

iters: 31, 175, 318, 461, 605
  reward: 0.0000, 0.0000, 0.0000, 0.0000, 0.0000
  value: 0.0381, 0.0132, 0.0044, 0.0020, -0.0300
  policy_loss: 0.0064, -0.0062, -0.0083, -0.0050, -0.0052
  value_loss: 0.3912, 0.1447, 0.1292, 0.0994, 0.1021
  entropy: 0.0648, 0.1379, 0.0843, 0.0682, 0.1077
  clip_fraction: 0.0000, 0.0000, 0.0000, 0.0000, 0.0000
  approx_kl: 0.0000, 0.0000, 0.0000, 0.0000, 0.0000
  explained_variance: 0.1386, 0.3892, 0.4997, 0.5142, 0.5434
  entropy_action_type: 0.0017, 0.0457, 0.0381, 0.0232, 0.0653
  entropy_play_start: 0.0701, 0.1434, 0.0603, 0.0624, 0.0638
  entropy_play_end: 0.0730, 0.0614, 0.0677, 0.0376, 0.0471
  entropy_scout_insert: 0.0841, 0.0921, 0.0673, 0.0558, 0.0722
  entropy_floor_penalty: 0.0026, 0.0009, 0.0012, 0.0021, 0.0004
  play_pct: 0.7004, 0.6965, 0.6926, 0.6930, 0.6920
  scout_pct: 0.2062, 0.2086, 0.2171, 0.2192, 0.2201
  sns_pct: 0.0935, 0.0949, 0.0904, 0.0878, 0.0879
  steps_per_game: 41.9552, 41.4737, 41.9386, 42.6175, 42.8034
  avg_play_length: 1.5020, 1.5257, 1.5211, 1.5082, 1.5097
  reward_std: 0.0000, 0.0000, 0.0000, 0.0000, 0.0000
  play_len_1_pct: 0.5271, 0.5034, 0.5109, 0.5227, 0.5205
  play_len_2_pct: 0.4441, 0.4684, 0.4579, 0.4472, 0.4496
  play_len_3_pct: 0.0284, 0.0274, 0.0306, 0.0294, 0.0297
  play_len_4_pct: 0.0004, 0.0008, 0.0006, 0.0008, 0.0002
  play_len_5_pct: 0.0000, 0.0000, 0.0001, 0.0000, 0.0000
  play_len_6_pct: 0.0000, 0.0000, 0.0000, 0.0000, 0.0000
  play_len_7plus_pct: 0.0000, 0.0000, 0.0000, 0.0000, 0.0000
  scout_play_len: 1.5033, 1.5205, 1.5245, 1.5209, 1.5017

=== Eval ===

iters: 35, 175, 320, 465, 605
  eval_margin_v1_4: -2.97, -1.77, +0.58, +0.61, +0.69
  eval_margin_v2_5: -6.40, -4.94, -2.59, -4.33, -2.71
  eval_margin_v3_4: -12.56, -12.93, -11.81, -12.01, -10.66
  eval_margin_v4_2: -20.33, -20.39, -18.31, -18.64, -18.73
