=== Run: 19200 iterations (trimmed first 30) ===

iters: 31, 4831, 9631, 14430, 19230
  reward: 0.0009, 0.0001, 0.0002, 0.0009, -0.0001
  value: 0.0017, 0.0027, 0.0028, 0.0037, 0.0033
  policy_loss: -0.0022, -0.0056, -0.0061, -0.0064, -0.0062
  value_loss: 0.0766, 0.0674, 0.0648, 0.0645, 0.0636
  entropy: 0.8398, 0.3545, 0.2843, 0.2593, 0.2352
  clip_fraction: 0.0173, 0.0215, 0.0205, 0.0198, 0.0192
  approx_kl: 0.0017, 0.0026, 0.0035, 0.0036, 0.0040
  explained_variance: 0.2818, 0.2799, 0.2810, 0.2813, 0.2810
  entropy_action_type: 0.2837, 0.1610, 0.1363, 0.1225, 0.1142
  entropy_play_start: 0.4810, 0.1407, 0.1072, 0.0986, 0.0870
  entropy_play_end: 0.0693, 0.0495, 0.0486, 0.0486, 0.0485
  entropy_scout_insert: 1.2050, 0.4885, 0.3789, 0.3497, 0.3109
  entropy_floor_penalty: 0.0000, 0.0000, 0.0000, 0.0000, 0.0000
  play_pct: 0.6864, 0.6919, 0.6945, 0.6967, 0.6973
  scout_pct: 0.2304, 0.2143, 0.2109, 0.2072, 0.2059
  sns_pct: 0.0832, 0.0938, 0.0947, 0.0961, 0.0968
  steps_per_game: 41.0501, 37.2212, 36.2914, 35.7253, 35.3938
  avg_play_length: 1.5776, 1.7037, 1.7334, 1.7480, 1.7598
  reward_std: 0.5543, 0.5068, 0.4938, 0.4915, 0.4865
  play_len_1_pct: 0.4666, 0.3611, 0.3396, 0.3304, 0.3233
  play_len_2_pct: 0.4908, 0.5771, 0.5909, 0.5952, 0.5980
  play_len_3_pct: 0.0409, 0.0588, 0.0660, 0.0705, 0.0746
  play_len_4_pct: 0.0016, 0.0028, 0.0033, 0.0037, 0.0040
  play_len_5_pct: 0.0000, 0.0001, 0.0001, 0.0001, 0.0002
  play_len_6_pct: 0.0000, 0.0000, 0.0000, 0.0000, 0.0000
  play_len_7plus_pct: 0.0000, 0.0000, 0.0000, 0.0000, 0.0000
  scout_play_len: 1.5209, 1.5576, 1.5695, 1.5802, 1.5635

=== Eval ===

iters: 60, 4860, 9660, 14430, 19230
  eval_margin_v1_4: +4.76, +14.10, +16.10, +17.98, +18.66
  eval_margin_v2_5: +1.56, +10.55, +13.34, +14.55, +15.07
  eval_margin_v3_4: -7.29, +2.02, +4.86, +6.09, +6.87
