=== Run: 1325 iterations (trimmed first 30) ===

iters: 31, 362, 693, 1024, 1355
  reward: 0.0000, 0.0000, 0.0000, 0.0000, 0.0000
  value: 0.0280, -0.0006, -0.0029, 0.0031, -0.0344
  policy_loss: -0.1091, -0.0942, -0.0800, -0.0739, -0.0734
  value_loss: 0.0554, 0.0483, 0.0459, 0.0445, 0.0397
  entropy: 1.4974, 0.7698, 0.4125, 0.2878, 0.2491
  clip_fraction: 0.4927, 0.4622, 0.3983, 0.3648, 0.3686
  approx_kl: 0.0575, 0.2265, 0.4012, 0.5757, 0.7385
  explained_variance: 0.6543, 0.7222, 0.7335, 0.7419, 0.7630
  entropy_action_type: 0.4984, 0.3139, 0.1687, 0.1176, 0.0956
  entropy_play_start: 1.1171, 0.3734, 0.2071, 0.1716, 0.1589
  entropy_play_end: 0.5282, 0.0885, 0.0552, 0.0571, 0.0547
  entropy_scout_insert: 1.6745, 1.0472, 0.5449, 0.3334, 0.2874
  entropy_floor_penalty: 0.0000, 0.0000, 0.0000, 0.0000, 0.0000
  play_pct: 0.6972, 0.6901, 0.6862, 0.6840, 0.6828
  scout_pct: 0.2129, 0.2202, 0.2228, 0.2269, 0.2275
  sns_pct: 0.0899, 0.0897, 0.0910, 0.0891, 0.0897
  steps_per_game: 42.7776, 40.1947, 40.1211, 40.2218, 40.0881
  avg_play_length: 1.4931, 1.5795, 1.5994, 1.6008, 1.6035
  reward_std: 0.0000, 0.0000, 0.0000, 0.0000, 0.0000
  play_len_1_pct: 0.5370, 0.4631, 0.4503, 0.4477, 0.4475
  play_len_2_pct: 0.4336, 0.4958, 0.5020, 0.5056, 0.5036
  play_len_3_pct: 0.0288, 0.0397, 0.0457, 0.0451, 0.0472
  play_len_4_pct: 0.0006, 0.0013, 0.0019, 0.0016, 0.0016
  play_len_5_pct: 0.0000, 0.0001, 0.0001, 0.0001, 0.0001
  play_len_6_pct: 0.0000, 0.0000, 0.0000, 0.0000, 0.0001
  play_len_7plus_pct: 0.0000, 0.0000, 0.0000, 0.0000, 0.0000
  scout_play_len: 1.5029, 1.5139, 1.5207, 1.5233, 1.5361

=== Eval ===

iters: 35, 365, 695, 1025, 1355
  eval_margin_v1_4: -2.23, +3.95, +5.26, +5.33, +5.57
  eval_margin_v2_5: -4.05, -0.36, +2.09, +2.83, +1.51
  eval_margin_v3_4: -12.70, -8.69, -7.25, -6.39, -6.85
  eval_margin_v4_2: -20.26, -15.76, -15.13, -14.10, -14.10
