=== Run: 3240 iterations (trimmed first 30) ===

iters: 31, 841, 1651, 2460, 3270
  reward: 0.0002, 0.0013, -0.0002, 0.0002, 0.0001
  value: 0.0119, 0.0150, -0.0041, 0.0018, -0.0011
  policy_loss: -0.0004, -0.0014, -0.0023, -0.0018, -0.0028
  value_loss: 0.0840, 0.0738, 0.0766, 0.0751, 0.0766
  entropy: 1.1720, 0.6725, 0.6306, 0.5731, 0.5384
  clip_fraction: 0.0075, 0.0169, 0.0239, 0.0315, 0.0258
  approx_kl: 0.0010, 0.0016, 0.0022, 0.0037, 0.0025
  explained_variance: 0.2678, 0.3035, 0.3044, 0.3018, 0.2995
  entropy_action_type: 0.3621, 0.2917, 0.2981, 0.2842, 0.2738
  entropy_play_start: 0.8028, 0.3363, 0.2722, 0.2129, 0.1753
  entropy_play_end: 0.1021, 0.0487, 0.0490, 0.0495, 0.0488
  entropy_scout_insert: 1.5696, 0.8721, 0.8307, 0.7714, 0.7465
  entropy_floor_penalty: 0.0000, 0.0000, 0.0000, 0.0000, 0.0000
  play_pct: 0.6884, 0.6878, 0.6935, 0.6951, 0.6955
  scout_pct: 0.2291, 0.2227, 0.2101, 0.2097, 0.2059
  sns_pct: 0.0824, 0.0895, 0.0965, 0.0951, 0.0986
  steps_per_game: 167.9414, 157.4091, 150.6114, 148.6042, 147.4460
  avg_play_length: 1.5331, 1.6302, 1.6626, 1.6784, 1.6836
  reward_std: 0.5754, 0.5439, 0.5487, 0.5410, 0.5430
  play_len_1_pct: 0.5026, 0.4225, 0.3970, 0.3848, 0.3844
  play_len_2_pct: 0.4630, 0.5271, 0.5460, 0.5548, 0.5509
  play_len_3_pct: 0.0332, 0.0481, 0.0543, 0.0576, 0.0615
  play_len_4_pct: 0.0012, 0.0022, 0.0025, 0.0027, 0.0030
  play_len_5_pct: 0.0000, 0.0001, 0.0001, 0.0001, 0.0001
  play_len_6_pct: 0.0000, 0.0000, 0.0000, 0.0000, 0.0000
  play_len_7plus_pct: 0.0000, 0.0000, 0.0000, 0.0000, 0.0000
  scout_play_len: 1.4900, 1.5359, 1.5382, 1.5473, 1.5817

=== Eval ===

iters: 60, 870, 1680, 2460, 3270
  eval_margin_v1_4: +0.31, +8.65, +10.10, +11.63, +12.13
  eval_margin_v2_5: -2.54, +4.88, +6.36, +8.32, +10.47
  eval_margin_v3_4: -9.45, -3.50, -1.56, -0.28, +0.78
  eval_margin_v4_2: -17.95, -10.75, -9.10, -7.30, -7.37
