=== Run: 325 iterations (trimmed first 10) ===

iters: 11, 92, 173, 254, 335
  reward: 0.0000, 0.0000, 0.0000, 0.0000, 0.0000
  value: 0.0309, 0.0260, -0.0004, 0.0157, -0.0404
  policy_loss: -0.0158, -0.0123, -0.0084, -0.0071, -0.0010
  value_loss: 0.0863, 0.0996, 0.0933, 0.0920, 0.0968
  entropy: 1.1856, 0.4360, 0.3129, 0.2451, 0.0682
  clip_fraction: 0.0783, 0.0605, 0.0409, 0.0251, 0.0063
  approx_kl: 0.0064, 0.0090, 0.0063, 0.0078, 0.0009
  explained_variance: 0.4807, 0.4606, 0.4699, 0.5182, 0.5205
  entropy_action_type: 0.3410, 0.1235, 0.0813, 0.0761, 0.0143
  entropy_play_start: 0.9850, 0.3065, 0.1762, 0.1779, 0.0507
  entropy_play_end: 0.3872, 0.1111, 0.0632, 0.0689, 0.0084
  entropy_scout_insert: 1.3428, 0.5997, 0.5212, 0.3059, 0.1040
  entropy_floor_penalty: 0.0000, 0.0000, 0.0002, 0.0000, 0.0032
  play_pct: 0.6980, 0.6916, 0.6908, 0.6880, 0.6849
  scout_pct: 0.2113, 0.2155, 0.2196, 0.2216, 0.2245
  sns_pct: 0.0907, 0.0928, 0.0895, 0.0904, 0.0906
  steps_per_game: 42.2176, 41.2485, 42.3545, 41.5879, 41.8294
  avg_play_length: 1.4941, 1.5360, 1.5316, 1.5363, 1.5462
  reward_std: 0.0000, 0.0000, 0.0000, 0.0000, 0.0000
  play_len_1_pct: 0.5346, 0.4984, 0.5045, 0.4996, 0.4953
  play_len_2_pct: 0.4374, 0.4685, 0.4605, 0.4654, 0.4637
  play_len_3_pct: 0.0277, 0.0318, 0.0338, 0.0341, 0.0406
  play_len_4_pct: 0.0002, 0.0013, 0.0012, 0.0009, 0.0004
  play_len_5_pct: 0.0002, 0.0000, 0.0000, 0.0000, 0.0000
  play_len_6_pct: 0.0000, 0.0000, 0.0000, 0.0000, 0.0000
  play_len_7plus_pct: 0.0000, 0.0000, 0.0000, 0.0000, 0.0000
  scout_play_len: 1.5000, 1.4971, 1.5243, 1.5336, 1.5250

=== Eval ===

iters: 15, 95, 175, 255, 335
  eval_margin_v1_4: +0.67, +0.77, +0.09, +0.69, -0.53
  eval_margin_v2_5: -3.58, -5.46, -4.01, -2.04, -2.21
  eval_margin_v3_4: -13.13, -12.92, -11.85, -11.87, -12.45
  eval_margin_v4_2: -19.59, -20.13, -18.22, -18.88, -19.38
